           XData            YData 
 0.000000000E+00  2.000000000E+03 
 2.777777778E-06  1.999680847E+03 
 2.978818865E-06  1.999657773E+03 
 3.194410259E-06  1.999633053E+03 
 3.425605036E-06  1.999606573E+03 
 3.673532486E-06  1.999578208E+03 
 3.939403634E-06  1.999547824E+03 
 4.224517150E-06  1.999515280E+03 
 4.530265698E-06  1.999480423E+03 
 4.858142734E-06  1.999443092E+03 
 5.209749801E-06  1.999403114E+03 
 5.586804356E-06  1.999360302E+03 
 5.991148157E-06  1.999314460E+03 
 6.424756255E-06  1.999265376E+03 
 6.889746650E-06  1.999212825E+03 
 7.388390627E-06  1.999156567E+03 
 7.923123858E-06  1.999096345E+03 
 8.496558295E-06  1.999031887E+03 
 9.111494930E-06  1.998962900E+03 
 9.770937475E-06  1.998889073E+03 
 1.047810704E-05  1.998810077E+03 
 1.123645785E-05  1.998725558E+03 
 1.204969414E-05  1.998635140E+03 
 1.292178824E-05  1.998538426E+03 
 1.385699997E-05  1.998434988E+03 
 1.485989746E-05  1.998324376E+03 
 1.593537944E-05  1.998206110E+03 
 1.708869920E-05  1.998079679E+03 
 1.832549024E-05  1.997944542E+03 
 1.965179378E-05  1.997800124E+03 
 2.107408826E-05  1.997645816E+03 
 2.259932100E-05  1.997480972E+03 
 2.423494214E-05  1.997304908E+03 
 2.598894103E-05  1.997116900E+03 
 2.786988522E-05  1.996916184E+03 
 2.988696235E-05  1.996701949E+03 
 3.205002502E-05  1.996473343E+03 
 3.436963889E-05  1.996229465E+03 
 3.685713434E-05  1.995969365E+03 
 3.952466175E-05  1.995692046E+03 
 4.238525091E-05  1.995396457E+03 
 4.545287460E-05  1.995081494E+03 
 4.874251693E-05  1.994746001E+03 
 5.227024642E-05  1.994388765E+03 
 5.605329461E-05  1.994008519E+03 
 6.011014012E-05  1.993603938E+03 
 6.446059898E-05  1.993173640E+03 
 6.912592139E-05  1.992716189E+03 
 7.412889553E-05  1.992230091E+03 
 7.949395889E-05  1.991713797E+03 
 8.524731759E-05  1.991165703E+03 
 9.141707442E-05  1.990584156E+03 
 9.803336612E-05  1.989967451E+03 
 1.051285106E-04  1.989313840E+03 
 1.127371646E-04  1.988621530E+03 
 1.208964934E-04  1.987888693E+03 
 1.296463519E-04  1.987113469E+03 
 1.390294795E-04  1.986293973E+03 
 1.490917091E-04  1.985428305E+03 
 1.598821905E-04  1.984514554E+03 
 1.714536307E-04  1.983550813E+03 
 1.838625515E-04  1.982535186E+03 
 1.971695653E-04  1.981465803E+03 
 2.114396715E-04  1.980340830E+03 
 2.267425736E-04  1.979158488E+03 
 2.431530201E-04  1.977917064E+03 
 2.607511692E-04  1.976614929E+03 
 2.796229807E-04  1.975250558E+03 
 2.998606356E-04  1.973822544E+03 
 3.215629866E-04  1.972329619E+03 
 3.448360407E-04  1.970770675E+03 
 3.697934773E-04  1.969144779E+03 
 3.965572031E-04  1.967451197E+03 
 4.252579480E-04  1.965689411E+03 
 4.560359033E-04  1.963859137E+03 
 4.890414067E-04  1.961960341E+03 
 5.244356765E-04  1.959993258E+03 
 5.623915993E-04  1.957958400E+03 
 6.030945740E-04  1.955856569E+03 
 6.467434180E-04  1.953688868E+03 
 6.935513380E-04  1.951456699E+03 
 7.437469715E-04  1.949161766E+03 
 7.975755035E-04  1.946806071E+03 
 8.552998643E-04  1.944391904E+03 
 9.172020136E-04  1.941921829E+03 
 9.835843181E-04  1.939398668E+03 
 1.054771028E-03  1.936825471E+03 
 1.131109861E-03  1.934205493E+03 
 1.212973702E-03  1.931542156E+03 
 1.300762420E-03  1.928839016E+03 
 1.394904829E-03  1.926099716E+03 
 1.495860775E-03  1.923327946E+03 
 1.604123387E-03  1.920527396E+03 
 1.720221483E-03  1.917701707E+03 
 1.844722154E-03  1.914854429E+03 
 1.978233535E-03  1.911988969E+03 
 2.121407775E-03  1.909108553E+03 
 2.274944220E-03  1.906216187E+03 
 2.439592834E-03  1.903314617E+03 
 2.616157856E-03  1.900406307E+03 
 2.805501736E-03  1.897493411E+03 
 3.008549339E-03  1.894577760E+03 
 3.226292470E-03  1.891660848E+03 
 3.459794715E-03  1.888743835E+03 
 3.710196636E-03  1.885827549E+03 
 3.978721343E-03  1.882912495E+03 
 4.266680471E-03  1.879998873E+03 
 4.575480580E-03  1.877086597E+03 
 4.906630033E-03  1.874175320E+03 
 5.261746359E-03  1.871264459E+03 
 5.642564154E-03  1.868353225E+03 
 6.050943559E-03  1.865440652E+03 
 6.488879337E-03  1.862525624E+03 
 6.958510626E-03  1.859606903E+03 
 7.462131381E-03  1.856683154E+03 
 8.002201584E-03  1.853752973E+03 
 8.581359255E-03  1.850814901E+03 
 9.202433342E-03  1.847867448E+03 
 9.868457536E-03  1.844909107E+03 
 1.058268509E-02  1.841938365E+03 
 1.134860472E-02  1.838953718E+03 
 1.216995762E-02  1.835953677E+03 
 1.305075577E-02  1.832936770E+03 
 1.399530149E-02  1.829901557E+03 
 1.500820852E-02  1.826846622E+03 
 1.609442448E-02  1.823770582E+03 
 1.725925510E-02  1.820672084E+03 
 1.850839009E-02  1.817549809E+03 
 1.984793096E-02  1.814402467E+03 
 2.128442082E-02  1.811228800E+03 
 2.282487634E-02  1.808027575E+03 
 2.447682201E-02  1.804797591E+03 
 2.624832690E-02  1.801537669E+03 
 2.814804408E-02  1.798246657E+03 
 3.018525291E-02  1.794923422E+03 
 3.236990429E-02  1.791566853E+03 
 3.471266936E-02  1.788175858E+03 
 3.722499157E-02  1.784749360E+03 
 3.991914257E-02  1.781286300E+03 
 4.280828219E-02  1.777785631E+03 
 4.590652269E-02  1.774246319E+03 
 4.922899770E-02  1.770667340E+03 
 5.279193614E-02  1.767047681E+03 
 5.661274151E-02  1.763386336E+03 
 6.071007688E-02  1.759682308E+03 
 6.510395603E-02  1.755934605E+03 
 6.981584127E-02  1.752142239E+03 
 7.486874823E-02  1.748304229E+03 
 8.028735827E-02  1.744419593E+03 
 8.609813908E-02  1.740487355E+03 
 9.232947394E-02  1.736506539E+03 
 9.901180037E-02  1.732476168E+03 
 1.061777588E-01  1.728395268E+03 
 1.138623519E-01  1.724262862E+03 
 1.221031159E-01  1.720077971E+03 
 1.309403035E-01  1.715839616E+03 
 1.404170806E-01  1.711546812E+03 
 1.505797375E-01  1.707198574E+03 
 1.614779147E-01  1.702793911E+03 
 1.731648451E-01  1.698331828E+03 
 1.856976146E-01  1.693811324E+03 
 1.991374407E-01  1.689231393E+03 
 2.135499715E-01  1.684591024E+03 
 2.290056062E-01  1.679889198E+03 
 2.455798392E-01  1.675124889E+03 
 2.633536288E-01  1.670297065E+03 
 2.824137928E-01  1.665404684E+03 
 3.028534321E-01  1.660446698E+03 
 3.247723861E-01  1.655422048E+03 
 3.482777199E-01  1.650329667E+03 
 3.734842472E-01  1.645168480E+03 
 4.005150917E-01  1.639937398E+03 
 4.295022880E-01  1.634635326E+03 
 4.605874265E-01  1.629261156E+03 
 4.939223455E-01  1.623813769E+03 
 5.296698722E-01  1.618292036E+03 
 5.680046188E-01  1.612694816E+03 
 6.091138346E-01  1.607020954E+03 
 6.531983214E-01  1.601269285E+03 
 7.004734137E-01  1.595438630E+03 
 7.511700310E-01  1.589527797E+03 
 8.055358053E-01  1.583535580E+03 
 8.638362913E-01  1.577460761E+03 
 9.263562627E-01  1.571302106E+03 
 9.934011041E-01  1.565058368E+03 
 1.065298302E+00  1.558728284E+03 
 1.142399044E+00  1.552310577E+03 
 1.225079937E+00  1.545803955E+03 
 1.313744842E+00  1.539207108E+03 
 1.408826851E+00  1.532518711E+03 
 1.510790401E+00  1.525737424E+03 
 1.620133541E+00  1.518861890E+03 
 1.737390368E+00  1.511890733E+03 
 1.863133634E+00  1.504822560E+03 
 1.997977542E+00  1.497655964E+03 
 2.142580750E+00  1.490389514E+03 
 2.297649585E+00  1.483021766E+03 
 2.463941494E+00  1.475551254E+03 
 2.642268746E+00  1.467976495E+03 
 2.833502396E+00  1.460295985E+03 
 3.038576541E+00  1.452508201E+03 
 3.258492884E+00  1.444611601E+03 
 3.494325627E+00  1.436604621E+03 
 3.747226716E+00  1.428485677E+03 
 4.018431468E+00  1.420253164E+03 
 4.309264608E+00  1.411905456E+03 
 4.621146735E+00  1.403440904E+03 
 4.955601267E+00  1.394857839E+03 
 5.314261875E+00  1.386154568E+03 
 5.698880470E+00  1.377329375E+03 
 6.111335756E+00  1.368380521E+03 
 6.553642407E+00  1.359306244E+03 
 7.027960910E+00  1.350104758E+03 
 7.536608115E+00  1.340774253E+03 
 8.082068556E+00  1.331312894E+03 
 8.667006582E+00  1.321718820E+03 
 9.294279377E+00  1.311990146E+03 
 9.966950908E+00  1.302124961E+03 
 1.068830690E+01  1.292121327E+03 
 1.146187089E+01  1.281977279E+03 
 1.229142140E+01  1.271690828E+03 
 1.318101046E+01  1.261259953E+03 
 1.413498335E+01  1.250682610E+03 
 1.515799982E+01  1.239956722E+03 
 1.625505689E+01  1.229080188E+03 
 1.743151325E+01  1.218050874E+03 
 1.869311538E+01  1.206866619E+03 
 2.004602571E+01  1.195525231E+03 
 2.149685264E+01  1.184024488E+03 
 2.305268287E+01  1.172362137E+03 
 2.472111599E+01  1.160535893E+03 
 2.651030160E+01  1.148543440E+03 
 2.842897915E+01  1.136382430E+03 
 3.048652059E+01  1.124050483E+03 
 3.269297616E+01  1.111545184E+03 
 3.505912349E+01  1.098864085E+03 
 3.759652025E+01  1.086004705E+03 
 4.031756056E+01  1.072964527E+03 
 4.323553560E+01  1.059740999E+03 
 4.636469847E+01  1.046331535E+03 
 4.972033385E+01  1.032733511E+03 
 5.331883265E+01  1.018944267E+03 
 5.717777204E+01  1.004961106E+03 
 6.131600137E+01  9.907812937E+02 
 6.575373419E+01  9.764020562E+02 
 7.051264699E+01  9.618205819E+02 
 7.561598511E+01  9.470340196E+02 
 8.108867627E+01  9.320394780E+02 
 8.695745230E+01  9.168340256E+02 
 9.325097978E+01  9.014146896E+02 
 1.000000000E+02  8.857784557E+02 
